Contig,Position,s82A_T1_SORTED_FILTERED-A,s82A_T1_SORTED_FILTERED-C,s82A_T1_SORTED_FILTERED-G,s82A_T1_SORTED_FILTERED-T,s82A_T2_SORTED_FILTERED-A,s82A_T2_SORTED_FILTERED-C,s82A_T2_SORTED_FILTERED-G,s82A_T2_SORTED_FILTERED-T,s82A_T3_SORTED_FILTERED-A,s82A_T3_SORTED_FILTERED-C,s82A_T3_SORTED_FILTERED-G,s82A_T3_SORTED_FILTERED-T,s82A_T4_SORTED_FILTERED-A,s82A_T4_SORTED_FILTERED-C,s82A_T4_SORTED_FILTERED-G,s82A_T4_SORTED_FILTERED-T,s82A_T5_SORTED_FILTERED-A,s82A_T5_SORTED_FILTERED-C,s82A_T5_SORTED_FILTERED-G,s82A_T5_SORTED_FILTERED-T,s82A_T6_SORTED_FILTERED-A,s82A_T6_SORTED_FILTERED-C,s82A_T6_SORTED_FILTERED-G,s82A_T6_SORTED_FILTERED-T,s82A_T7_SORTED_FILTERED-A,s82A_T7_SORTED_FILTERED-C,s82A_T7_SORTED_FILTERED-G,s82A_T7_SORTED_FILTERED-T,s82A_T8_SORTED_FILTERED-A,s82A_T8_SORTED_FILTERED-C,s82A_T8_SORTED_FILTERED-G,s82A_T8_SORTED_FILTERED-T
118,1279,0,0,0,0,0,0,0,0,4,0,43,0,0,0,0,0,0,0,0,0,0,0,0,0,0,0,0,0,0,0,0,0
118,1268,0,18,0,4,0,0,0,0,0,0,0,0,0,0,0,0,0,0,0,0,0,0,0,0,0,0,0,0,0,0,0,0
118,1258,0,0,5,10,0,0,0,0,0,0,0,0,0,0,0,0,0,0,0,0,0,0,40,4,0,0,0,0,0,0,0,0
118,1259,0,4,12,0,0,0,0,0,0,0,0,0,0,0,0,0,0,0,0,0,0,4,40,0,0,0,0,0,0,0,0,0
118,1212,0,41,0,4,0,0,0,0,0,0,0,0,0,12,0,28,0,0,0,0,0,6,0,39,0,0,0,0,0,0,0,0
118,1167,6,0,68,0,0,0,0,0,0,0,0,0,34,0,21,0,0,0,0,0,29,0,9,0,0,0,0,0,0,0,0,0
118,1140,72,0,8,0,0,0,0,0,0,0,0,0,22,0,36,0,0,0,0,0,14,0,33,0,0,0,0,0,0,0,0,0
118,1131,68,0,6,0,0,0,0,0,0,0,0,0,21,0,40,0,0,0,0,0,13,0,34,0,0,0,0,0,0,0,0,0
118,1086,4,0,70,0,0,0,0,0,0,0,0,0,37,0,30,0,10,0,4,0,26,0,30,1,0,0,0,0,0,0,0,0
118,963,71,0,3,0,0,0,0,0,0,0,0,0,16,0,33,0,0,0,0,0,21,0,32,0,0,0,0,0,0,0,0,0
118,945,73,0,0,3,0,0,0,0,0,0,0,0,16,0,0,32,0,0,0,0,19,0,0,32,0,0,0,0,0,0,0,0
118,930,0,2,0,75,0,0,0,0,0,0,0,0,1,31,0,19,0,0,0,0,0,31,0,12,0,0,0,0,0,0,0,0
118,837,0,36,0,5,0,0,0,0,0,0,0,0,0,8,0,30,0,0,0,0,0,4,0,39,0,0,0,0,0,0,0,0
118,828,5,0,29,0,0,0,0,0,0,0,0,0,29,0,6,0,0,0,0,0,39,0,4,0,0,0,0,0,0,0,0,0
118,815,0,0,0,0,0,0,0,0,0,0,0,0,0,26,0,7,0,0,0,0,1,28,0,8,0,0,0,0,0,0,0,0
118,813,0,22,0,5,0,0,0,0,0,0,0,0,0,0,0,0,0,0,0,0,0,0,0,0,0,0,0,0,0,0,0,0
118,809,18,0,5,0,0,0,0,0,0,0,0,0,0,0,0,0,0,0,0,0,0,0,0,0,0,0,0,0,0,0,0,0
118,801,0,10,0,5,0,0,0,0,0,0,0,0,0,0,0,0,0,0,0,0,0,0,0,0,0,0,0,0,0,0,0,0
118,663,0,10,0,5,0,0,0,0,0,0,0,0,0,7,0,23,0,0,0,0,0,7,0,32,0,0,0,0,0,0,0,0
118,647,19,0,3,0,0,0,0,0,0,0,0,0,9,0,22,0,0,0,0,0,10,0,30,0,0,0,0,0,0,0,0,0
118,636,21,0,0,7,0,0,0,0,0,0,0,0,4,0,0,29,0,0,0,0,5,0,0,39,0,0,0,0,0,0,0,0
118,627,0,6,30,0,0,0,0,0,0,44,4,0,0,24,8,0,0,0,0,0,0,28,10,0,0,0,0,0,0,0,0,0
118,596,7,0,30,0,0,0,0,0,48,0,4,0,34,0,8,0,0,0,0,0,25,0,9,0,0,0,0,0,0,0,0,0
118,561,11,0,26,0,0,0,0,0,0,0,0,0,0,0,0,0,0,0,0,0,31,0,6,0,0,0,0,0,0,0,0,0
118,525,7,0,13,0,0,0,0,0,0,0,0,0,0,0,0,0,0,0,0,0,0,0,0,0,0,0,0,0,0,0,0,0
118,516,5,0,7,0,0,0,0,0,0,0,0,0,0,0,0,0,0,0,0,0,4,0,25,0,0,0,0,0,0,0,0,0
118,513,0,0,0,0,0,0,0,0,0,0,0,0,0,0,0,0,0,0,0,0,25,0,4,0,0,0,0,0,0,0,0,0
118,501,0,0,0,0,0,0,0,0,0,0,0,0,0,0,0,0,0,0,0,0,4,0,26,0,0,0,0,0,0,0,0,0
118,471,0,0,0,0,0,0,0,0,0,0,0,0,0,0,0,0,0,0,0,0,5,0,23,0,0,0,0,0,0,0,0,0
118,426,0,39,0,5,0,0,0,0,0,0,0,0,0,11,0,29,0,0,0,0,0,0,0,0,0,0,0,0,0,0,0,0
118,393,2,0,54,0,0,0,0,0,0,0,0,0,23,0,18,0,0,0,0,0,0,0,0,0,0,0,0,0,0,0,0,0
118,390,57,0,2,0,0,0,0,0,0,0,0,0,18,0,23,0,0,0,0,0,0,0,0,0,0,0,0,0,0,0,0,0
118,389,60,0,2,0,0,0,0,0,0,0,0,0,20,0,24,0,0,0,0,0,0,0,0,0,0,0,0,0,0,0,0,0
118,384,0,0,0,0,0,0,0,0,0,44,5,0,0,40,6,0,0,0,0,0,0,25,4,0,0,0,0,0,0,0,0,0
118,315,84,0,3,0,0,0,0,0,0,0,0,0,26,0,34,0,0,0,0,0,7,0,20,0,0,0,0,0,0,0,0,0
118,291,0,4,0,94,0,0,0,0,0,0,0,0,0,28,0,24,0,0,0,0,0,26,0,14,0,0,0,0,0,0,0,0
648,9682,0,3,0,80,0,0,0,0,0,44,0,10,0,11,0,22,0,0,0,0,0,32,0,15,0,0,0,0,0,0,0,0
648,9745,0,0,0,0,0,0,0,0,0,0,0,0,0,4,0,36,0,0,0,0,0,4,0,51,0,0,0,0,0,0,0,0
648,9751,0,0,0,0,0,0,0,0,0,0,0,0,36,0,0,7,0,0,0,0,52,0,0,4,0,0,0,0,0,0,0,0
648,9761,0,0,0,0,0,0,0,0,0,0,0,0,0,8,0,32,0,0,0,0,0,4,0,49,0,0,0,0,0,0,0,0
648,9778,0,0,0,0,0,0,0,0,0,0,0,0,38,1,9,0,0,0,0,0,45,0,4,0,0,0,0,0,0,0,0,0
648,9817,0,9,0,73,0,0,0,0,0,52,0,6,0,34,0,23,0,0,0,0,0,35,0,19,0,0,0,0,0,0,0,0
649,9921,0,0,0,0,0,0,0,0,0,0,0,0,0,7,0,34,0,0,0,0,0,5,0,42,0,0,0,0,0,0,0,0
649,9945,0,0,0,0,0,0,0,0,0,0,0,0,41,0,0,4,0,0,0,0,47,1,0,4,0,0,0,0,0,0,0,0
649,9960,0,0,0,0,0,0,0,0,0,0,0,0,4,36,0,0,0,0,0,0,3,49,0,2,0,0,0,0,0,0,0,0
649,10070,0,61,0,5,0,0,0,0,0,0,0,0,0,0,0,0,0,0,0,0,0,0,0,0,0,0,0,0,0,0,0,0
649,10173,0,75,0,6,0,0,0,0,0,4,0,43,0,26,0,22,0,0,0,0,0,14,0,35,0,0,0,0,0,0,0,0
649,10242,86,0,8,0,0,0,0,0,5,0,44,0,29,0,18,0,0,0,0,0,13,0,31,0,0,0,0,0,0,0,0,0
649,10308,0,0,0,0,0,0,0,0,0,0,0,0,5,0,0,35,0,0,0,0,0,0,0,0,0,0,0,0,0,0,0,0
1095,1417,0,0,0,0,0,0,0,0,0,0,31,42,0,0,0,0,0,0,0,0,0,0,0,0,0,0,0,0,0,0,0,0
1095,1402,0,0,0,0,0,0,0,0,42,35,0,0,0,0,0,0,0,0,0,0,0,0,0,0,0,0,0,0,0,0,0,0
1095,1354,0,0,0,0,0,0,0,0,0,0,0,0,0,0,0,0,0,0,0,0,63,0,6,0,0,0,0,0,0,0,0,0
1095,1336,0,0,0,0,0,0,0,0,47,0,36,0,0,0,0,0,0,0,0,0,0,0,0,0,0,0,0,0,0,0,0,0
1095,1303,11,0,85,0,0,0,0,0,78,0,7,0,36,0,18,0,13,0,1,0,41,0,28,0,0,0,0,0,0,0,0,0
1095,1295,0,0,0,0,0,0,0,0,50,0,33,0,0,0,0,0,0,0,0,0,0,0,0,0,0,0,0,0,0,0,0,0
1095,1261,0,0,0,0,0,0,0,0,41,0,0,41,22,0,0,37,1,0,0,10,39,0,0,33,0,0,0,0,0,0,0,0
1095,1213,0,0,0,0,0,0,0,0,0,35,0,41,0,0,0,0,0,0,0,0,0,0,0,0,0,0,0,0,0,0,0,0
1095,1207,0,0,0,0,0,0,0,0,0,0,0,0,0,0,0,0,0,0,0,0,41,0,6,0,0,0,0,0,0,0,0,0
1095,1198,0,0,0,0,0,0,0,0,42,0,33,0,0,0,0,0,0,0,0,0,0,0,0,0,0,0,0,0,0,0,0,0
1095,1183,0,0,1,75,0,0,0,0,31,0,0,41,0,4,0,40,0,0,0,0,0,7,0,52,0,0,0,0,0,0,0,0
1095,1174,0,0,0,0,0,0,0,0,31,0,39,0,2,0,36,0,0,0,0,0,7,0,55,0,0,0,0,0,0,0,0,0
1095,1165,0,0,0,0,0,0,0,0,28,0,38,0,3,0,38,0,0,0,0,0,7,0,57,0,0,0,0,0,0,0,0,0
1095,1159,0,0,0,0,0,0,0,0,0,28,0,39,0,3,0,35,0,0,0,0,0,8,0,56,0,0,0,0,0,0,0,0
1095,1117,0,0,0,0,0,0,0,0,0,41,0,19,0,0,0,0,0,0,0,0,0,61,0,6,0,0,0,0,0,0,0,0
1095,1114,0,0,0,0,0,0,0,0,42,0,17,0,0,0,0,0,0,0,0,0,63,0,5,0,0,0,0,0,0,0,0,0
1095,1111,0,0,0,0,0,0,0,0,19,0,43,0,0,0,0,0,0,0,0,0,0,0,0,0,0,0,0,0,0,0,0,0
1095,1102,0,0,0,0,0,0,0,0,21,0,0,45,0,0,0,0,0,0,0,0,0,5,0,62,0,0,0,0,0,0,0,0
1095,1072,0,0,0,0,0,0,0,0,25,0,0,45,0,0,0,0,0,0,0,0,5,0,0,53,0,0,0,0,0,0,0,0
1098,3889,0,0,0,0,0,0,0,0,56,0,11,0,0,0,0,0,0,0,0,0,0,0,0,0,0,0,0,0,0,0,0,0
1098,3883,0,0,0,0,0,0,0,0,0,10,0,54,0,0,0,0,0,0,0,0,0,0,0,0,0,0,0,0,0,0,0,0
1098,3868,0,0,0,0,0,0,0,0,9,0,54,0,7,0,43,0,0,0,0,0,11,0,53,0,0,0,0,0,0,0,0,0
1098,3532,74,0,6,0,0,0,0,0,5,0,44,0,15,0,19,0,0,0,0,0,14,0,18,0,0,0,0,0,0,0,0,0
1098,3484,81,1,4,0,0,0,0,0,0,0,0,0,0,0,0,0,0,0,0,0,0,0,0,0,0,0,0,0,0,0,0,0
1098,3346,0,0,9,62,0,0,0,0,0,0,38,8,0,0,28,14,0,0,0,0,0,0,21,15,0,0,0,0,0,0,0,0
1098,3306,6,0,59,0,0,0,0,0,46,0,5,0,22,0,17,0,0,0,0,0,16,0,27,0,0,0,0,0,0,0,0,0
1098,3259,11,0,54,0,0,0,0,0,49,0,6,0,15,0,22,0,0,0,0,0,20,0,26,0,0,0,0,0,0,0,0,0
1098,3253,10,0,54,0,0,0,0,0,51,0,6,0,15,0,22,0,0,0,0,0,20,0,27,0,0,0,0,0,0,0,0,0
1098,3247,0,10,0,56,0,0,0,0,0,51,0,6,0,14,0,23,0,0,0,0,0,17,0,26,0,0,0,0,0,0,0,0
1098,3100,0,0,22,7,0,0,0,0,0,0,0,0,0,0,7,11,0,0,0,0,0,0,11,15,0,0,0,0,0,0,0,0
1098,3097,0,19,0,7,0,0,0,0,0,0,0,0,0,7,0,11,0,0,0,0,0,11,0,15,0,0,0,0,0,0,0,0
1098,3094,0,7,0,22,0,0,0,0,0,0,0,0,0,11,0,7,0,0,0,0,0,14,0,8,0,0,0,0,0,0,0,0
1098,3082,8,0,28,0,0,0,0,0,0,0,0,0,17,0,8,0,0,0,0,0,17,0,4,0,0,0,0,0,0,0,0,0
1098,3064,0,0,7,25,0,0,0,0,0,0,0,0,0,0,19,9,0,0,0,0,0,0,24,7,0,0,0,0,0,0,0,0
1098,3058,11,0,20,0,0,0,0,0,0,0,0,0,20,0,12,0,0,0,0,0,24,0,7,0,0,0,0,0,0,0,0,0
1098,3000,9,0,51,0,0,0,0,0,47,0,4,0,21,0,16,0,0,0,0,0,27,0,16,0,0,0,0,0,0,0,0,0
1098,2854,80,0,8,0,0,0,0,0,1,0,47,0,23,0,17,0,1,0,11,0,15,0,23,0,0,0,0,0,0,0,0,0
1098,2716,0,84,0,5,0,0,0,0,0,6,0,55,0,24,0,17,0,0,0,0,0,13,0,31,0,0,0,0,0,0,0,0
1098,2635,0,0,0,0,0,0,0,0,0,4,0,55,0,0,0,0,0,0,0,0,0,0,0,0,0,0,0,0,0,0,0,0
1098,2597,0,0,0,0,0,0,0,0,0,41,0,9,0,0,0,0,0,0,0,0,0,0,0,0,0,0,0,0,0,0,0,0
1099,4567,0,0,0,0,0,0,0,0,43,0,0,33,0,0,0,0,0,0,0,0,0,0,0,0,0,0,0,0,0,0,0,0
1099,4561,0,0,0,0,0,0,0,0,0,0,0,0,42,7,0,0,0,0,0,0,44,10,0,0,0,0,0,0,0,0,0,0
1099,4504,0,0,0,0,0,0,0,0,0,0,0,0,42,5,0,0,0,0,0,0,45,5,0,0,0,0,0,0,0,0,0,0
1099,4501,0,0,0,0,0,0,0,0,0,0,0,0,5,0,42,0,0,0,0,0,5,0,45,0,0,0,0,0,0,0,0,0
1099,4498,0,0,0,0,0,0,0,0,0,0,0,0,41,0,0,7,0,0,0,0,45,0,0,5,0,0,0,0,0,0,0,0
1099,4495,0,0,0,0,0,0,0,0,0,0,0,0,40,0,8,0,0,0,0,0,44,0,5,0,0,0,0,0,0,0,0,0
1099,4459,0,0,0,0,0,0,0,0,37,49,0,0,0,0,0,0,0,0,0,0,0,0,0,0,0,0,0,0,0,0,0,0
1099,4441,0,0,0,0,0,0,0,0,52,1,36,0,41,0,0,8,0,0,0,0,53,0,0,4,0,0,0,0,0,0,0,0
1099,4414,0,0,0,0,0,0,0,0,31,0,50,0,0,0,0,0,0,0,0,0,0,0,0,0,0,0,0,0,0,0,0,0
1099,4402,0,0,0,0,0,0,0,0,1,32,48,0,5,0,49,0,0,0,0,0,0,0,0,0,0,0,0,0,0,0,0,0
1099,4399,0,0,0,0,0,0,0,0,0,0,0,0,5,0,48,0,0,0,0,0,0,0,0,0,0,0,0,0,0,0,0,0
1099,4327,0,0,0,0,0,0,0,0,0,2,16,49,0,0,0,0,0,0,0,0,0,0,0,0,0,0,0,0,0,0,0,0
1099,4297,0,0,0,0,0,0,0,0,10,0,50,0,0,0,0,0,0,0,0,0,0,0,0,0,0,0,0,0,0,0,0,0
1099,4285,0,0,0,0,0,0,0,0,54,6,0,0,0,0,0,0,0,0,0,0,0,0,0,0,0,0,0,0,0,0,0,0
1099,4264,64,0,4,0,0,0,0,0,6,0,50,0,12,0,21,11,0,0,0,0,24,0,26,0,0,0,0,0,0,0,0,0
1099,4261,0,0,0,0,0,0,0,0,0,4,0,53,0,0,0,0,0,0,0,0,0,0,0,0,0,0,0,0,0,0,0,0
1099,4258,0,0,0,0,0,0,0,0,0,4,0,54,0,0,0,0,0,0,0,0,0,0,0,0,0,0,0,0,0,0,0,0
1099,4171,0,0,0,0,0,0,0,0,40,0,7,0,0,0,0,0,0,0,0,0,0,0,0,0,0,0,0,0,0,0,0,0
1099,4168,0,0,0,0,0,0,0,0,0,41,0,8,0,0,0,0,0,0,0,0,0,0,0,0,0,0,0,0,0,0,0,0
1099,4165,0,0,0,0,0,0,0,0,41,0,0,9,0,0,0,0,0,0,0,0,0,0,0,0,0,0,0,0,0,0,0,0
1102,5799,0,0,0,0,0,0,0,0,0,0,0,0,7,0,62,0,0,0,0,0,0,0,0,0,0,0,0,0,0,0,0,0
1102,5800,0,0,0,0,0,0,0,0,0,6,0,66,0,0,0,0,0,0,0,0,0,0,0,0,0,0,0,0,0,0,0,0
1102,5787,0,0,0,0,0,0,0,0,68,0,0,10,0,0,0,0,0,0,0,0,0,0,0,0,0,0,0,0,0,0,0,0
1102,5784,0,0,0,0,0,0,0,0,0,67,0,11,0,0,0,0,0,0,0,0,0,0,0,0,0,0,0,0,0,0,0,0
1102,5757,0,0,0,0,0,0,0,0,67,0,16,0,0,0,0,0,0,0,0,0,46,0,4,0,0,0,0,0,0,0,0,0
1102,5706,0,0,0,0,0,0,0,0,0,38,0,78,0,0,0,0,0,0,0,0,0,0,0,0,0,0,0,0,0,0,0,0
1102,5670,0,0,0,0,0,0,0,0,0,69,0,35,0,0,0,0,0,0,0,0,0,47,0,5,0,0,0,0,0,0,0,0
1102,5646,0,0,0,0,0,0,0,0,0,0,0,0,4,0,0,53,0,0,0,0,4,0,0,43,0,0,0,0,0,0,0,0
1102,5631,0,0,0,0,0,0,0,0,0,0,0,0,60,0,0,4,0,0,0,0,0,0,0,0,0,0,0,0,0,0,0,0
1102,5621,0,0,0,0,0,0,0,0,0,0,0,0,4,57,0,0,0,0,0,0,0,0,0,0,0,0,0,0,0,0,0,0
1103,6327,0,0,0,0,0,0,0,0,0,51,0,5,0,0,0,0,0,0,0,0,0,0,0,0,0,0,0,0,0,0,0,0
1103,6312,0,0,0,0,0,0,0,0,0,0,0,0,0,0,0,0,0,0,0,0,0,4,0,58,0,0,0,0,0,0,0,0
1103,6297,0,0,0,0,0,0,0,0,0,0,0,0,0,0,0,0,0,0,0,0,55,0,5,0,0,0,0,0,0,0,0,0
1103,6291,0,72,0,10,0,0,0,0,0,6,0,50,0,17,0,20,0,3,0,8,0,22,0,35,0,0,0,0,0,0,0,0
1103,6287,0,0,0,0,0,0,0,0,0,0,0,0,0,0,0,0,0,0,0,0,6,0,0,50,0,0,0,0,0,0,0,0
1103,6243,0,0,0,0,0,0,0,0,27,0,53,0,0,0,0,0,0,0,0,0,0,0,0,0,0,0,0,0,0,0,0,0
1103,6230,0,0,0,0,0,0,0,0,51,32,0,0,0,0,0,0,0,0,0,0,0,0,0,0,0,0,0,0,0,0,0,0
1103,6216,0,0,0,0,0,0,0,0,54,0,37,0,0,0,0,0,0,0,0,0,0,0,0,0,0,0,0,0,0,0,0,0
1103,6129,0,0,0,0,0,0,0,0,0,0,0,0,0,0,0,0,0,0,0,0,45,0,5,0,0,0,0,0,0,0,0,0
1103,6130,0,0,0,0,0,0,0,0,0,0,0,0,0,0,0,0,0,0,0,0,6,0,45,0,0,0,0,0,0,0,0,0
1103,6101,0,0,0,0,0,0,0,0,19,0,56,0,0,0,0,0,0,0,0,0,5,0,52,0,0,0,0,0,0,0,0,0
1103,6090,0,0,0,0,0,0,0,0,0,51,0,14,0,0,0,0,0,0,0,0,0,54,0,4,0,0,0,0,0,0,0,0
1103,6091,0,0,0,0,0,0,0,0,0,51,0,15,0,0,0,0,0,0,0,0,0,53,0,6,0,0,0,0,0,0,0,0
1103,6055,0,0,0,0,0,0,0,0,44,0,4,0,0,0,0,0,0,0,0,0,0,0,0,0,0,0,0,0,0,0,0,0
1103,5937,0,68,0,2,0,0,0,0,0,4,0,36,1,22,0,22,0,4,0,9,1,16,0,27,0,0,0,0,0,0,0,0
1103,5880,0,61,0,6,0,0,0,0,0,5,0,45,0,34,0,38,0,0,0,0,0,21,0,35,0,0,0,0,0,0,0,0
1103,5877,65,0,2,0,0,0,0,0,5,0,47,0,33,0,38,0,0,0,0,0,21,0,35,0,0,0,0,0,0,0,0,0
1104,6734,0,0,0,0,0,0,0,0,0,16,0,51,0,0,0,0,0,0,0,0,0,0,0,0,0,0,0,0,0,0,0,0
1104,6731,0,0,0,0,0,0,0,0,0,0,0,0,5,0,37,0,0,0,0,0,8,0,61,0,0,0,0,0,0,0,0,0
1104,6724,0,0,0,0,0,0,0,0,53,0,0,13,0,0,0,0,0,0,0,0,0,0,0,0,0,0,0,0,0,0,0,0
1104,6716,0,0,0,0,0,0,0,0,11,54,0,0,5,41,0,0,0,0,0,0,10,60,0,0,0,0,0,0,0,0,0,0
1104,6705,0,0,0,0,0,0,0,0,0,0,0,0,43,6,0,0,0,0,0,0,0,0,0,0,0,0,0,0,0,0,0,0
1104,6650,0,0,0,0,0,0,0,0,0,0,0,0,6,0,0,41,0,0,0,0,5,0,0,46,0,0,0,0,0,0,0,0
1104,6652,0,0,0,0,0,0,0,0,0,0,0,0,6,42,0,0,0,0,0,0,5,47,0,0,0,0,0,0,0,0,0,0
1104,6632,0,0,0,0,0,0,0,0,0,0,0,0,43,0,5,0,0,0,0,0,45,0,4,0,0,0,0,0,0,0,0,0
1104,6629,0,0,0,0,0,0,0,0,0,0,0,0,7,0,43,0,0,0,0,0,4,0,47,0,0,0,0,0,0,0,0,0
1104,6554,0,0,0,0,0,0,0,0,0,0,0,0,0,59,0,6,0,0,0,0,0,48,0,5,0,0,0,0,0,0,0,0
1104,6548,0,0,0,0,0,0,0,0,0,0,0,0,59,0,4,0,0,0,0,0,49,0,4,0,0,0,0,0,0,0,0,0
1104,6530,0,0,0,0,0,0,0,0,0,0,0,0,0,0,0,0,0,0,0,0,0,0,57,4,0,0,0,0,0,0,0,0
1104,6518,0,0,0,0,0,0,0,0,42,0,0,23,0,0,0,0,0,0,0,0,0,0,0,0,0,0,0,0,0,0,0,0
1104,6515,0,0,0,0,0,0,0,0,0,0,0,0,0,0,0,0,0,0,0,0,0,4,0,61,0,0,0,0,0,0,0,0
1104,6503,0,0,0,0,0,0,0,0,43,0,27,0,0,0,0,0,0,0,0,0,0,0,0,0,0,0,0,0,0,0,0,0
1104,6488,0,0,0,0,0,0,0,0,46,0,29,0,0,0,0,0,0,0,0,0,0,0,0,0,0,0,0,0,0,0,0,0
1104,6470,0,94,0,7,0,0,0,0,0,8,0,74,0,29,0,35,0,0,0,0,0,27,0,36,0,0,0,0,0,0,0,0
1104,6446,0,0,0,0,0,0,0,0,1,0,45,30,0,0,0,0,0,0,0,0,0,0,0,0,0,0,0,0,0,0,0,0
1104,6425,5,0,91,0,0,0,0,0,70,0,9,0,39,0,36,0,0,0,0,0,26,0,26,0,0,0,0,0,0,0,0,0
1104,6421,0,0,0,0,0,0,0,0,0,31,0,51,0,2,0,72,0,0,0,0,0,0,0,0,0,0,0,0,0,0,0,0
1106,7629,0,0,0,0,0,0,0,0,0,0,0,0,5,0,50,0,0,0,0,0,7,0,41,0,0,0,0,0,0,0,0,0
1106,7617,0,0,0,0,0,0,0,0,0,0,0,0,0,6,0,50,0,0,0,0,0,5,0,37,0,0,0,0,0,0,0,0
1106,7590,0,0,0,0,0,0,0,0,0,0,0,0,57,0,5,0,0,0,0,0,0,0,0,0,0,0,0,0,0,0,0,0
1106,7461,0,0,0,0,0,0,0,0,0,5,0,60,0,0,0,0,0,0,0,0,0,0,0,0,0,0,0,0,0,0,0,0
1106,7452,0,0,0,0,0,0,0,0,60,9,0,0,0,0,0,0,0,0,0,0,0,0,0,0,0,0,0,0,0,0,0,0
1106,7446,0,0,0,0,0,0,0,0,9,0,58,0,0,0,0,0,0,0,0,0,0,0,0,0,0,0,0,0,0,0,0,0
1106,7416,0,0,0,0,0,0,0,0,0,25,0,57,0,0,0,0,0,0,0,0,5,0,0,43,0,0,0,0,0,0,0,0
1106,7398,0,9,0,87,0,0,0,0,0,77,0,7,0,29,0,28,0,9,0,4,0,33,0,16,0,0,0,0,0,0,0,0
1106,7395,0,0,0,0,0,0,0,0,0,0,0,0,0,0,0,0,0,0,0,0,45,0,4,0,0,0,0,0,0,0,0,0
1106,7368,0,0,0,0,0,0,0,0,0,0,0,0,0,0,0,0,0,0,0,0,48,0,5,0,0,0,0,0,0,0,0,0
1106,7359,0,0,0,0,0,0,0,0,0,0,56,42,0,0,0,0,0,0,0,0,0,0,0,0,0,0,0,0,0,0,0,0
1106,7344,0,0,0,0,0,0,0,0,0,0,0,0,0,0,0,0,0,0,0,0,50,0,8,0,0,0,0,0,0,0,0,0
1106,7317,0,0,0,0,0,0,0,0,48,0,46,0,0,0,0,0,0,0,0,0,0,0,0,0,0,0,0,0,0,0,0,0
1106,7269,0,0,0,0,0,0,0,0,0,44,0,47,0,0,0,0,0,0,0,0,0,0,0,0,0,0,0,0,0,0,0,0
1106,7257,0,0,0,0,0,0,0,0,46,0,51,0,0,0,0,0,0,0,0,0,0,0,0,0,0,0,0,0,0,0,0,0
1106,7239,0,0,0,0,0,0,0,0,56,0,40,0,0,0,0,0,0,0,0,0,0,0,0,0,0,0,0,0,0,0,0,0
1106,7189,0,0,0,0,0,0,0,0,0,33,0,63,0,0,0,0,0,0,0,0,0,0,0,0,0,0,0,0,0,0,0,0
1106,7161,0,0,0,0,0,0,0,0,0,0,0,0,46,0,0,6,0,0,0,0,0,0,0,0,0,0,0,0,0,0,0,0
1106,7163,0,0,0,0,0,0,0,0,0,0,0,0,6,0,47,0,0,0,0,0,0,0,0,0,0,0,0,0,0,0,0,0
1107,7948,0,0,0,0,0,0,0,0,0,0,0,0,0,0,0,0,0,0,0,0,34,0,0,5,0,0,0,0,0,0,0,0
1107,7950,0,0,0,0,0,0,0,0,0,0,0,0,0,0,0,0,0,0,0,0,5,0,34,0,0,0,0,0,0,0,0,0
1107,7945,0,0,0,0,0,0,0,0,0,0,0,0,0,0,0,0,0,0,0,0,4,0,37,0,0,0,0,0,0,0,0,0
1107,7936,0,0,0,0,0,0,0,0,0,0,0,0,48,0,3,1,0,0,0,0,37,0,4,0,0,0,0,0,0,0,0,0
1107,7876,0,0,10,80,0,0,0,0,0,0,38,3,0,0,25,26,0,0,0,0,0,0,22,24,0,0,0,0,0,0,0,0
1107,7870,0,85,0,11,0,0,0,0,0,2,0,37,0,26,0,24,0,0,0,0,0,24,0,22,0,0,0,0,0,0,0,0
1107,7864,0,1,11,85,0,0,0,0,0,0,37,2,0,0,21,27,0,0,0,0,0,0,21,25,0,0,0,0,0,0,0,0
1107,7858,0,94,0,6,0,0,0,0,0,0,0,0,0,0,0,0,0,0,0,0,0,0,0,0,0,0,0,0,0,0,0,0
1107,7738,87,0,7,0,0,0,0,0,9,0,36,0,30,0,17,0,4,0,8,0,21,0,26,0,0,0,0,0,0,0,0,0
1107,7732,0,0,0,0,0,0,0,0,0,0,0,0,0,0,0,0,0,0,0,0,44,0,4,0,0,0,0,0,0,0,0,0
1107,7729,0,0,0,0,0,0,0,0,0,0,0,0,0,0,0,0,0,0,0,0,4,0,43,0,0,0,0,0,0,0,0,0
1107,7705,0,0,0,0,0,0,0,0,2,39,0,0,1,50,0,0,0,0,0,0,4,40,0,0,0,0,0,0,0,0,0,0
1108,8324,0,0,0,0,0,0,0,0,0,0,0,0,0,47,0,4,0,6,0,4,0,53,0,9,0,0,0,0,0,0,0,0
1108,8318,0,0,0,0,0,0,0,0,0,0,0,0,4,46,0,0,0,0,0,0,4,61,0,0,0,0,0,0,0,0,0,0
1108,8198,0,0,0,0,0,0,0,0,0,0,0,0,7,0,46,0,0,0,0,0,0,0,0,0,0,0,0,0,0,0,0,0
1108,8111,0,0,0,0,0,0,0,0,48,0,5,0,32,0,17,0,7,0,3,0,20,0,19,0,0,0,0,0,0,0,0,0
1108,8042,0,0,0,0,0,0,0,0,0,0,0,0,0,0,0,0,0,0,0,0,4,0,36,0,0,0,0,0,0,0,0,0
1108,8012,0,0,0,0,0,0,0,0,0,0,0,0,0,0,0,0,0,0,0,0,0,32,0,6,0,0,0,0,0,0,0,0
1109,8628,0,0,0,0,0,0,0,0,35,0,0,10,16,0,0,23,9,0,0,1,17,0,1,19,0,0,0,0,0,0,0,0
1109,8622,83,0,1,4,0,0,0,0,13,1,0,31,23,1,0,16,1,0,0,10,19,0,2,19,0,0,0,0,0,0,0,0
1109,8616,86,0,7,0,0,0,0,0,14,0,33,0,23,0,20,0,1,0,10,0,20,0,21,0,0,0,0,0,0,0,0,0
1109,8610,7,82,0,0,0,0,0,0,35,14,0,0,22,25,0,0,9,1,0,0,22,20,0,2,0,0,0,0,0,0,0,0
1109,8576,61,0,16,0,0,0,0,0,2,0,48,0,9,0,40,0,0,0,0,0,7,0,42,0,0,0,0,0,0,0,0,0
1111,9351,0,0,0,0,0,0,0,0,0,0,0,0,0,41,0,4,0,0,0,0,1,36,0,7,0,0,0,0,0,0,0,0
1111,9291,74,0,1,4,0,0,0,0,28,0,0,44,32,0,0,20,0,0,0,0,27,0,0,19,0,0,0,0,0,0,0,0
1111,9279,0,0,0,0,0,0,0,0,19,1,0,49,6,0,0,45,0,0,0,0,8,0,0,29,0,0,0,0,0,0,0,0
1111,9234,0,0,0,0,0,0,0,0,4,0,0,44,0,0,0,0,0,0,0,0,0,0,0,0,0,0,0,0,0,0,0,0
1111,9222,0,0,0,0,0,0,0,0,0,0,0,0,0,6,0,54,0,0,0,0,0,7,0,27,0,0,0,0,0,0,0,0
1111,9219,0,0,0,0,0,0,0,0,52,0,5,0,0,0,0,0,0,0,0,0,0,0,0,0,0,0,0,0,0,0,0,0
1111,9216,0,0,0,0,0,0,0,0,0,0,54,5,0,0,0,0,0,0,0,0,0,0,0,0,0,0,0,0,0,0,0,0
1111,9204,0,0,0,0,0,0,0,0,0,57,0,13,0,0,0,0,0,0,0,0,0,0,0,0,0,0,0,0,0,0,0,0
1111,9177,0,0,0,0,0,0,0,0,64,0,0,17,0,0,0,0,0,0,0,0,0,0,0,0,0,0,0,0,0,0,0,0
1111,9099,0,0,0,0,0,0,0,0,0,0,0,0,4,0,0,39,0,0,0,0,0,0,0,0,0,0,0,0,0,0,0,0
1111,9096,0,0,0,0,0,0,0,0,0,0,0,0,39,0,4,0,0,0,0,0,0,0,0,0,0,0,0,0,0,0,0,0
1111,9094,0,0,0,0,0,0,0,0,0,0,0,0,0,39,0,4,0,0,0,0,0,0,0,0,0,0,0,0,0,0,0,0
1111,9095,0,0,0,0,0,0,0,0,0,0,0,0,0,0,39,4,0,0,0,0,0,0,0,0,0,0,0,0,0,0,0,0
1111,9081,0,34,5,0,0,0,0,0,0,27,33,0,0,19,20,0,0,0,0,0,0,14,25,0,0,5,6,0,0,0,0,0
1111,9075,0,0,0,0,0,0,0,0,35,0,25,0,0,0,0,0,0,0,0,0,0,0,0,0,0,0,0,0,0,0,0,0
1111,9069,0,0,0,0,0,0,0,0,25,0,33,0,0,0,0,0,0,0,0,0,0,0,0,0,0,0,0,0,0,0,0,0
1111,9042,0,0,0,0,0,0,0,0,32,0,0,23,0,0,0,0,0,0,0,0,0,0,0,0,0,0,0,0,0,0,0,0
1111,9021,0,0,0,0,0,0,0,0,0,28,0,25,0,0,0,0,0,0,0,0,0,0,0,0,0,0,0,0,0,0,0,0
1112,10119,0,0,0,0,0,0,0,0,0,11,0,75,0,0,0,0,0,0,0,0,0,0,0,0,0,0,0,0,0,0,0,0
1112,10118,0,0,0,0,0,0,0,0,0,75,0,11,0,0,0,0,0,0,0,0,0,0,0,0,0,0,0,0,0,0,0,0
1112,9951,0,0,0,0,0,0,0,0,0,6,0,42,0,0,0,0,0,0,0,0,0,0,0,0,0,0,0,0,0,0,0,0
1112,9936,68,0,7,0,0,0,0,0,3,0,43,0,28,0,20,0,0,0,0,0,15,0,26,0,0,0,0,0,0,0,0,0
1112,9840,0,0,0,0,0,0,0,0,35,0,9,0,0,0,0,0,0,0,0,0,0,0,0,0,0,0,0,0,0,0,0,0
1112,9807,0,0,0,0,0,0,0,0,0,6,0,40,0,0,0,0,0,0,0,0,0,0,0,0,0,0,0,0,0,0,0,0
1112,9789,6,0,73,0,0,0,0,0,34,0,7,0,19,0,22,0,0,0,0,0,35,0,15,0,0,0,0,0,0,0,0,0
1112,9732,0,0,0,0,0,0,0,0,7,43,0,0,0,0,0,0,0,0,0,0,0,0,0,0,0,0,0,0,0,0,0,0
1112,9726,0,0,0,0,0,0,0,0,0,8,0,45,0,0,0,0,0,0,0,0,0,0,0,0,0,0,0,0,0,0,0,0
1112,9690,0,0,0,0,0,0,0,0,0,0,11,54,0,0,0,0,0,0,0,0,0,0,0,0,0,0,0,0,0,0,0,0
1112,9687,0,0,0,0,0,0,0,0,11,0,54,0,0,0,0,0,0,0,0,0,0,0,0,0,0,0,0,0,0,0,0,0
1112,9657,0,0,0,0,0,0,0,0,11,0,46,0,0,0,0,0,0,0,0,0,0,0,0,0,0,0,0,0,0,0,0,0
1113,10457,0,0,0,0,0,0,0,0,0,0,39,42,0,0,0,0,0,0,0,0,0,0,36,5,0,0,0,0,0,0,0,0
1113,10424,0,0,0,0,0,0,0,0,0,0,0,0,0,0,0,0,0,0,0,0,4,0,0,32,0,0,0,0,0,0,0,0
1113,10367,0,5,0,65,0,0,0,0,0,33,0,53,0,22,0,23,0,0,0,0,0,23,0,20,0,0,0,0,0,0,0,0
1113,10346,0,0,0,0,0,0,0,0,43,0,38,0,0,0,0,0,0,0,0,0,0,0,0,0,0,0,0,0,0,0,0,0
1113,10343,0,0,0,0,0,0,0,0,35,0,0,47,0,0,0,0,0,0,0,0,0,0,0,0,0,0,0,0,0,0,0,0
1113,10337,0,0,0,0,0,0,0,0,32,0,0,47,0,0,0,0,0,0,0,0,0,0,0,0,0,0,0,0,0,0,0,0
1113,10289,0,0,0,0,0,0,0,0,50,0,37,0,0,0,0,0,0,0,0,0,0,0,0,0,0,0,0,0,0,0,0,0
1113,10283,0,0,0,0,0,0,0,0,51,0,39,0,21,0,30,0,0,0,0,0,36,0,20,0,0,0,0,0,0,0,0,0
1113,10262,0,0,0,0,0,0,0,0,60,0,0,33,0,0,0,0,0,0,0,0,0,0,0,0,0,0,0,0,0,0,0,0
1113,10208,0,0,0,0,0,0,0,0,66,34,0,0,0,0,0,0,0,0,0,0,0,0,0,0,0,0,0,0,0,0,0,0
1113,10205,7,0,68,0,0,0,0,0,63,0,35,0,30,0,29,0,10,0,4,0,39,0,20,1,0,0,0,0,0,0,0,0
1113,10169,0,7,0,73,0,0,0,0,0,64,0,28,0,28,0,30,0,0,0,0,0,43,0,23,0,0,0,0,0,0,0,0
1114,10780,0,0,0,0,0,0,0,0,0,0,0,0,0,5,0,46,0,0,0,0,2,10,0,61,0,0,0,0,0,0,0,0
1114,10759,0,0,0,0,0,0,0,0,0,0,0,0,0,0,0,0,0,0,0,0,63,0,4,0,0,0,0,0,0,0,0,0
1114,10741,0,0,0,0,0,0,0,0,0,0,0,0,0,0,0,0,0,0,0,0,0,5,0,60,0,0,0,0,0,0,0,0
1114,10693,9,0,60,0,0,0,0,0,50,0,44,0,31,0,36,0,0,0,0,0,31,0,25,0,1,0,10,0,0,0,0,0
1114,10672,0,0,0,0,0,0,0,0,58,0,1,37,0,0,0,0,0,0,0,0,0,0,0,0,5,0,1,5,0,0,0,0
1114,10663,0,66,0,9,0,0,0,0,0,42,0,44,0,41,0,27,0,0,0,0,0,22,0,26,0,0,0,0,0,0,0,0
1114,10657,0,0,0,0,0,0,0,0,34,54,0,0,0,0,0,0,0,0,0,0,6,42,1,0,0,0,0,0,0,0,0,0
1114,10615,0,0,0,0,0,0,0,0,44,0,0,53,0,0,0,0,0,0,0,0,0,0,0,0,0,0,0,0,0,0,0,0
1114,10588,0,0,0,0,0,0,0,0,0,0,0,0,0,0,0,0,0,0,0,0,8,0,0,52,0,0,0,0,0,0,0,0
1114,10573,0,0,0,0,0,0,0,0,0,0,0,0,0,0,0,0,0,0,0,0,0,6,0,54,0,0,0,0,0,0,0,0
1114,10549,0,0,0,0,0,0,0,0,0,0,0,0,0,0,0,0,0,0,0,0,52,0,12,0,0,0,0,0,0,0,0,0
1115,11629,0,0,0,0,0,0,0,0,0,45,0,31,0,0,0,0,0,0,0,0,0,0,0,0,0,0,0,0,0,0,0,0
1115,11578,0,0,0,0,0,0,0,0,45,1,21,0,0,0,0,0,0,0,0,0,0,0,0,0,0,0,0,0,0,0,0,0
1115,11577,0,0,0,0,0,0,0,0,46,0,0,20,0,0,0,0,0,0,0,0,0,0,0,0,0,0,0,0,0,0,0,0
1115,11575,0,0,0,0,0,0,0,0,47,0,19,0,0,0,0,0,0,0,0,0,0,0,0,0,0,0,0,0,0,0,0,0
1115,11576,0,0,0,0,0,0,0,0,0,20,47,0,0,0,0,0,0,0,0,0,0,0,0,0,0,0,0,0,0,0,0,0
1115,11539,0,0,0,0,0,0,0,0,28,0,0,43,0,0,0,0,0,0,0,0,0,0,0,0,0,0,0,0,0,0,0,0
1115,11485,0,0,0,0,0,0,0,0,34,0,29,0,0,0,0,0,0,0,0,0,0,0,0,0,0,0,0,0,0,0,0,0
1115,11461,0,0,0,0,0,0,0,0,32,0,0,26,0,0,0,0,0,0,0,0,0,0,0,0,0,0,0,0,0,0,0,0
1115,11451,0,0,0,0,0,0,0,0,21,0,0,39,0,0,0,0,0,0,0,0,0,0,0,0,0,0,0,0,0,0,0,0
1115,11448,0,0,0,0,0,0,0,0,0,17,0,40,0,0,0,0,0,0,0,0,0,0,0,0,0,0,0,0,0,0,0,0
1115,11431,0,0,0,0,0,0,0,0,42,12,0,0,0,0,0,0,0,0,0,0,0,0,0,0,0,0,0,0,0,0,0,0
1115,11413,0,0,0,0,0,0,0,0,0,0,0,0,0,0,0,0,0,0,0,0,8,0,56,0,0,0,0,0,0,0,0,0
1115,11407,0,5,0,73,0,0,0,0,0,33,0,21,0,13,1,20,0,6,1,4,0,30,9,26,0,0,0,0,0,0,0,0
1115,11404,0,0,0,0,0,0,0,0,0,0,0,0,0,0,0,0,0,0,0,0,0,9,0,54,0,0,0,0,0,0,0,0
1115,11398,6,0,74,0,0,0,0,0,48,0,5,0,14,0,19,0,0,0,0,0,38,0,26,0,0,0,0,0,0,0,0,0
1115,11368,0,0,0,0,0,0,0,0,36,0,18,0,0,0,0,0,0,0,0,0,50,0,11,0,0,0,0,0,0,0,0,0
1115,11314,0,0,0,0,0,0,0,0,35,0,5,0,0,0,0,0,0,0,0,0,0,0,0,0,0,0,0,0,0,0,0,0
1115,11313,0,0,0,0,0,0,0,0,35,0,5,0,0,0,0,0,0,0,0,0,0,0,0,0,0,0,0,0,0,0,0,0
1115,11293,0,0,0,0,0,0,0,0,0,0,0,0,34,0,1,3,0,0,0,0,44,0,0,4,0,0,0,0,0,0,0,0
1115,11290,0,0,0,0,0,0,0,0,0,0,0,0,0,0,0,0,0,0,0,0,1,1,4,42,0,0,0,0,0,0,0,0
1115,11233,0,0,0,0,0,0,0,0,0,0,0,0,0,0,0,0,0,0,0,0,39,0,0,4,0,0,0,0,0,0,0,0
1115,11203,0,0,0,0,0,0,0,0,33,0,0,13,40,0,0,4,0,0,0,0,39,0,0,6,0,0,0,0,0,0,0,0
1115,11197,0,0,0,0,0,0,0,0,16,34,0,0,2,36,0,5,0,0,0,0,0,39,0,6,0,0,0,0,0,0,0,0
1115,11198,0,0,0,0,0,0,0,0,0,0,0,0,0,0,0,0,0,0,0,0,0,0,40,6,0,0,0,0,0,0,0,0
1115,11194,0,0,0,0,0,0,0,0,0,0,0,0,38,0,5,0,0,0,0,0,39,0,6,0,0,0,0,0,0,0,0,0
1115,11188,0,0,0,0,0,0,0,0,19,0,37,0,0,0,0,0,0,0,0,0,0,0,0,0,0,0,0,0,0,0,0,0
1115,11185,8,0,70,0,0,0,0,0,50,0,7,0,26,0,12,0,0,0,0,0,28,0,16,0,0,0,0,0,0,0,0,0
1115,11110,0,0,0,0,0,0,0,0,37,0,38,0,38,0,7,0,0,0,0,0,42,0,8,0,0,0,0,0,0,0,0,0
1115,11086,0,0,0,0,0,0,0,0,44,31,0,0,0,42,4,0,0,0,0,0,1,41,9,0,0,0,0,0,0,0,0,0
1115,10948,0,0,0,0,0,0,0,0,0,26,0,43,0,0,0,0,0,0,0,0,0,13,0,48,0,0,0,0,0,0,0,0
1115,10945,0,0,0,0,0,0,0,0,43,0,25,0,0,0,0,0,0,0,0,0,47,0,13,1,0,0,0,0,0,0,0,0
1115,10897,0,0,0,0,0,0,0,0,0,0,0,0,0,0,0,0,0,0,0,0,6,0,0,67,0,0,0,0,0,0,0,0
1115,10885,0,0,0,0,0,0,0,0,0,0,0,0,0,0,0,0,0,0,0,0,5,71,0,0,0,0,0,0,0,0,0,0
1116,11953,0,0,0,0,0,0,0,0,43,0,64,0,0,0,0,0,0,0,0,0,0,0,0,0,0,0,0,0,0,0,0,0
1116,11939,0,0,0,0,0,0,0,0,0,64,0,40,0,0,0,0,0,0,0,0,0,0,0,0,0,0,0,0,0,0,0,0
1116,11847,0,0,0,0,0,0,0,0,0,0,0,0,0,0,0,0,0,0,0,0,0,0,5,53,0,0,0,0,0,0,0,0
1116,11841,0,0,0,0,0,0,0,0,0,0,0,0,0,0,0,0,0,0,0,0,6,0,48,0,0,0,0,0,0,0,0,0
1116,11836,0,0,0,0,0,0,0,0,0,0,0,0,0,0,0,0,0,0,0,0,51,0,0,4,0,0,0,0,0,0,0,0
1116,11781,0,0,0,0,0,0,0,0,40,0,48,0,0,0,0,0,0,0,0,0,5,0,47,0,0,0,0,0,0,0,0,0
1116,11730,0,0,0,0,0,0,0,0,0,0,0,0,5,0,53,0,0,0,0,0,12,0,47,0,0,0,0,0,0,0,0,0
1116,11717,0,0,0,0,0,0,0,0,0,43,0,35,0,0,0,0,0,0,0,0,0,0,0,0,0,0,0,0,0,0,0,0
1117,12484,0,0,0,0,0,0,0,0,0,0,0,0,0,33,0,4,0,0,0,0,0,0,0,0,0,0,0,0,0,0,0,0
1117,12409,54,0,7,0,0,0,0,0,98,0,5,0,28,0,15,0,0,0,0,0,41,0,10,0,0,0,0,0,0,0,0,0
1117,12406,0,0,0,0,0,0,0,0,62,0,39,0,0,0,0,0,0,0,0,0,0,0,0,0,0,0,0,0,0,0,0,0
1117,12385,0,0,0,0,0,0,0,0,39,0,57,0,0,0,0,0,0,0,0,0,0,0,0,0,0,0,0,0,0,0,0,0
1117,12349,0,6,0,52,0,0,0,0,0,7,0,85,0,16,0,31,0,0,0,0,0,5,0,38,0,0,0,0,0,0,0,0
1117,12337,0,0,0,0,0,0,0,0,58,0,0,41,0,0,0,0,0,0,0,0,0,0,0,0,0,0,0,0,0,0,0,0
1117,12277,0,0,0,0,0,0,0,0,31,58,0,0,0,0,0,0,0,0,0,0,0,0,0,0,0,0,0,0,0,0,0,0
1117,12268,0,0,0,0,0,0,0,0,58,0,0,31,0,0,0,0,0,0,0,0,0,0,0,0,0,0,0,0,0,0,0,0
1117,12235,0,0,0,0,0,0,0,0,24,0,62,0,0,0,0,0,0,0,0,0,0,0,0,0,0,0,0,0,0,0,0,0
1117,12220,6,0,74,0,0,0,0,0,0,0,0,0,51,0,3,0,13,0,3,0,40,0,10,0,0,0,0,0,0,0,0,0
1117,12217,0,0,0,0,0,0,0,0,0,62,0,19,0,35,0,19,0,0,0,0,0,40,0,10,0,6,0,7,0,0,0,0
1117,12197,0,0,0,0,0,0,0,0,69,0,12,0,0,0,0,0,0,0,0,0,0,0,0,0,0,0,0,0,0,0,0,0
1117,12190,0,0,0,0,0,0,0,0,67,0,13,0,0,0,0,0,0,0,0,0,0,0,0,0,0,0,0,0,0,0,0,0
1117,12142,0,0,0,0,0,0,0,0,13,0,61,0,0,0,0,0,0,0,0,0,0,0,0,0,0,0,0,0,0,0,0,0
1117,12133,0,0,0,0,0,0,0,0,70,0,3,0,39,0,27,0,0,0,0,0,47,0,12,0,4,0,9,0,0,0,0,0
1117,12113,0,0,0,0,0,0,0,0,63,0,21,0,0,0,0,0,0,0,0,0,0,0,0,0,0,0,0,0,0,0,0,0
1117,12100,0,0,0,0,0,0,0,0,0,0,0,0,0,23,0,40,0,0,0,0,0,6,0,54,0,7,0,4,0,0,0,0
1117,12091,0,0,0,0,0,0,0,0,58,0,22,0,0,0,0,0,0,0,0,0,0,0,0,0,0,0,0,0,0,0,0,0
1117,12085,0,0,0,0,0,0,0,0,0,0,57,22,0,0,0,0,0,0,0,0,0,0,0,0,0,0,0,0,0,0,0,0
1117,12070,0,0,0,0,0,0,0,0,24,0,0,60,0,0,0,0,0,0,0,0,0,0,0,0,0,0,0,0,0,0,0,0
1117,12057,0,0,0,0,0,0,0,0,27,0,60,0,8,0,46,0,0,0,0,0,5,0,59,0,0,0,0,0,0,0,0,0
1117,12052,0,0,0,0,0,0,0,0,0,0,0,0,0,8,0,47,0,0,0,0,0,6,0,60,0,0,0,0,0,0,0,0
1117,12028,0,0,0,0,0,0,0,0,59,0,43,0,24,0,25,0,0,0,0,0,44,0,21,0,8,0,4,0,0,0,0,0
1118,13236,0,0,0,0,0,0,0,0,40,0,18,0,0,0,0,0,0,0,0,0,0,0,0,0,0,0,0,0,0,0,0,0
1118,13224,0,0,0,0,0,0,0,0,12,0,0,42,0,0,0,0,0,0,0,0,0,0,0,0,0,0,0,0,0,0,0,0
1118,13212,0,0,0,0,0,0,0,0,0,38,0,11,0,0,0,0,0,0,0,0,0,0,0,0,0,0,0,0,0,0,0,0
1118,13203,0,0,0,0,0,0,0,0,0,14,0,37,0,0,0,0,0,0,0,0,0,0,0,0,0,0,0,0,0,0,0,0
1118,13202,0,0,0,0,0,0,0,0,37,0,14,0,0,0,0,0,0,0,0,0,0,0,0,0,0,0,0,0,0,0,0,0
1118,13196,0,0,0,0,0,0,0,0,13,0,34,0,0,0,0,0,0,0,0,0,0,0,0,0,0,0,0,0,0,0,0,0
1118,13191,0,0,0,0,0,0,0,0,35,0,13,0,0,0,0,0,0,0,0,0,0,0,0,0,0,0,0,0,0,0,0,0
1118,13182,0,0,0,0,0,0,0,0,0,0,0,0,0,0,0,0,0,0,0,0,0,9,0,51,0,0,0,0,0,0,0,0
1118,13086,0,0,0,0,0,0,0,0,44,1,0,39,0,0,0,0,0,0,0,0,0,0,0,0,0,0,0,0,0,0,0,0
1118,13002,0,0,0,0,0,0,0,0,0,0,0,0,0,0,0,0,0,0,0,0,57,0,9,0,0,0,0,0,0,0,0,0
1118,12963,0,0,0,0,0,0,0,0,0,48,0,36,0,0,0,0,0,0,0,0,0,53,0,6,0,0,0,0,0,0,0,0
1118,12930,0,0,0,0,0,0,0,0,47,0,35,0,0,0,0,0,0,0,0,0,0,0,0,0,0,0,0,0,0,0,0,0
1118,12924,0,0,0,0,0,0,0,0,0,33,0,46,0,0,0,0,0,0,0,0,0,0,0,0,0,0,0,0,0,0,0,0
1118,12925,0,0,0,0,0,0,0,0,0,0,0,0,0,0,0,0,0,0,0,0,0,0,5,53,0,0,0,0,0,0,0,0
1118,12926,0,0,0,0,0,0,0,0,0,0,0,0,0,0,0,0,0,0,0,0,0,5,54,0,0,0,0,0,0,0,0,0
1118,12921,0,0,0,0,0,0,0,0,32,0,45,0,0,0,0,0,0,0,0,0,5,0,54,0,0,0,0,0,0,0,0,0
1118,12918,0,0,0,0,0,0,0,0,48,30,0,0,0,0,0,0,0,0,0,0,0,0,0,0,0,0,0,0,0,0,0,0
1118,12852,0,0,0,0,0,0,0,0,0,0,0,0,0,0,0,0,0,0,0,0,57,0,0,6,0,0,0,0,0,0,0,0
1118,12834,0,0,0,0,0,0,0,0,0,0,0,0,0,0,0,0,0,0,0,0,55,0,6,0,0,0,0,0,0,0,0,0
1118,12819,0,0,0,0,0,0,0,0,0,0,0,0,1,4,0,54,0,0,0,0,0,5,0,59,0,0,0,0,0,0,0,0
1118,12767,0,0,0,0,0,0,0,0,0,0,0,0,0,0,0,0,0,0,0,0,0,59,0,4,0,0,0,0,0,0,0,0
1118,12753,0,0,0,0,0,0,0,0,30,0,0,44,0,0,0,0,0,0,0,0,0,0,0,0,0,0,0,0,0,0,0,0
1118,12747,0,0,0,0,0,0,0,0,30,0,1,46,0,0,0,0,0,0,0,0,0,0,0,0,0,0,0,0,0,0,0,0
1118,12743,0,0,0,0,0,0,0,0,45,0,0,32,0,0,0,0,0,0,0,0,0,0,0,0,0,0,0,0,0,0,0,0
1118,12737,0,0,0,0,0,0,0,0,0,46,0,33,0,0,0,0,0,0,0,0,0,0,0,0,0,0,0,0,0,0,0,0
1118,12693,0,0,0,0,0,0,0,0,0,0,0,0,38,0,0,4,0,0,0,0,0,0,0,0,0,0,0,0,0,0,0,0
1118,12687,0,0,0,0,0,0,0,0,48,0,28,0,0,0,0,0,0,0,0,0,0,0,0,0,0,0,0,0,0,0,0,0
1118,12654,0,0,0,0,0,0,0,0,28,0,0,45,7,0,0,35,0,0,0,0,0,0,0,0,0,0,0,0,0,0,0,0
1118,12651,0,0,0,0,0,0,0,0,0,0,0,0,7,0,0,36,0,0,0,0,0,0,0,0,0,0,0,0,0,0,0,0
1119,13574,0,0,0,0,0,0,0,0,32,0,0,37,0,0,0,0,0,0,0,0,0,0,0,0,0,0,0,0,0,0,0,0
1119,13552,0,0,0,0,0,0,0,0,0,0,0,0,0,0,0,0,0,0,0,0,54,0,7,0,0,0,0,0,0,0,0,0
1119,13538,0,0,0,0,0,0,0,0,0,0,47,31,0,0,0,0,0,0,0,0,0,0,55,6,0,0,0,0,0,0,0,0
1119,13475,0,0,0,0,0,0,0,0,0,0,0,0,0,0,0,0,0,0,0,0,63,0,0,10,0,0,0,0,0,0,0,0
1119,13454,0,0,0,0,0,0,0,0,0,57,0,38,0,0,0,0,0,0,0,0,0,60,0,5,0,0,0,0,0,0,0,0
1119,13400,0,0,0,0,0,0,0,0,62,0,33,0,50,0,7,0,8,0,2,0,58,0,5,0,0,0,0,0,0,0,0,0
1119,13367,0,0,0,0,0,0,0,0,0,38,0,64,0,0,0,0,0,0,0,0,0,0,0,0,0,0,0,0,0,0,0,0
1119,13352,0,0,0,0,0,0,0,0,33,0,62,0,0,0,0,0,0,0,0,0,0,0,0,0,0,0,0,0,0,0,0,0
1119,13343,0,0,0,0,0,0,0,0,0,60,0,36,0,61,0,4,0,0,0,0,0,54,0,7,0,0,0,0,0,0,0,0
1119,13334,0,0,0,0,0,0,0,0,62,0,35,0,0,0,0,0,0,0,0,0,0,0,0,0,0,0,0,0,0,0,0,0
1176,2020,0,0,0,0,0,0,0,0,0,56,0,40,0,0,0,0,0,0,0,0,0,0,0,0,0,0,0,0,0,0,0,0
1176,2041,0,0,0,0,0,0,0,0,0,0,0,0,0,0,0,0,0,0,0,0,0,51,0,4,0,0,0,0,0,0,0,0
1176,2044,0,0,0,0,0,0,0,0,0,0,0,0,0,0,0,0,0,0,0,0,0,4,0,53,0,0,0,0,0,0,0,0
1176,2047,0,0,0,0,0,0,0,0,0,0,0,0,0,0,0,0,0,0,0,0,2,55,0,2,0,0,0,0,0,0,0,0
1176,2065,0,0,0,0,0,0,0,0,0,0,0,0,0,0,0,0,0,0,0,0,54,0,1,4,0,0,0,0,0,0,0,0
1176,2164,4,0,80,0,0,0,0,0,105,0,7,0,32,0,25,0,0,0,0,0,60,1,20,0,0,0,0,0,0,0,0,0
1176,2224,0,0,0,0,0,0,0,0,95,0,8,0,38,0,32,0,0,0,0,0,47,0,14,0,0,0,0,0,0,0,0,0
1176,2230,0,0,0,0,0,0,0,0,0,9,0,94,0,33,0,38,0,0,0,0,0,14,0,45,0,0,0,0,0,0,0,0
1176,2302,0,0,5,78,0,0,0,0,0,0,48,48,1,0,19,34,0,0,0,0,0,0,25,18,0,0,12,4,0,0,0,0
1176,2311,0,0,0,0,0,0,0,0,42,0,57,0,0,0,0,0,0,0,0,0,0,0,0,0,0,0,0,0,0,0,0,0
1176,2365,66,10,0,0,0,0,0,0,51,38,0,0,24,22,0,0,0,0,0,0,11,28,0,0,0,0,0,0,0,0,0,0
1176,2380,0,10,0,61,0,0,0,0,0,34,0,48,0,17,0,28,0,0,0,0,0,27,0,14,0,6,0,4,0,0,0,0
1177,2454,0,0,1,24,0,0,0,0,0,38,0,24,0,0,0,0,0,0,0,0,0,0,0,0,0,0,0,0,0,0,0,0
1177,2461,10,0,0,7,0,0,0,0,4,0,0,53,4,0,0,12,0,0,0,0,0,0,0,0,0,0,0,0,0,0,0,0
1177,2467,4,0,7,0,0,0,0,0,0,0,0,0,4,0,11,0,0,0,0,0,0,0,0,0,0,0,0,0,0,0,0,0
1177,2469,0,0,0,0,0,0,0,0,0,0,0,0,8,0,5,0,0,0,0,0,15,0,4,0,0,0,0,0,0,0,0,0
1177,2475,0,0,0,0,0,0,0,0,0,12,0,35,0,6,0,4,0,0,0,0,0,12,0,4,0,0,0,0,0,0,0,0
1177,2478,0,0,0,0,0,0,0,0,0,0,9,35,0,0,0,0,0,0,0,0,0,0,10,5,0,0,0,0,0,0,0,0
1177,2481,0,0,0,0,0,0,0,0,0,7,0,35,0,0,0,0,0,0,0,0,0,10,0,1,0,0,0,0,0,0,0,0
1177,2486,0,0,0,0,0,0,0,0,5,36,0,0,0,0,0,0,0,0,0,0,0,0,0,0,0,0,0,0,0,0,0,0
1177,2658,0,0,0,0,0,0,0,0,0,0,41,4,0,0,0,0,0,0,0,0,0,0,0,0,0,0,0,0,0,0,0,0
1177,2667,0,0,0,0,0,0,0,0,0,9,0,44,0,0,0,0,0,0,0,0,0,0,0,0,0,0,0,0,0,0,0,0
1177,2670,0,0,0,0,0,0,0,0,0,43,0,11,0,0,0,0,0,0,0,0,0,0,0,0,0,0,0,0,0,0,0,0
1177,2676,0,0,0,0,0,0,0,0,0,14,0,42,0,13,0,1,0,0,0,0,0,15,0,4,0,0,0,0,0,0,0,0
1177,2694,0,0,0,0,0,0,0,0,0,0,0,0,0,0,0,0,0,0,0,0,18,0,6,0,0,0,0,0,0,0,0,0
1177,2751,0,0,0,0,0,0,0,0,0,33,0,43,0,0,0,0,0,0,0,0,0,0,0,0,0,0,0,0,0,0,0,0
1177,2772,0,0,0,0,0,0,0,0,0,0,0,0,0,0,0,0,0,0,0,0,0,4,0,27,0,0,0,0,0,0,0,0
1177,2823,0,0,4,6,0,0,0,0,0,0,0,0,0,0,0,0,0,0,0,0,0,0,0,0,0,0,0,0,0,0,0,0
1543,1607,0,0,0,0,0,0,0,0,8,0,6,0,0,0,0,0,0,0,0,0,8,0,26,0,0,0,0,0,0,0,0,0
1543,1610,0,0,0,0,0,0,0,0,0,8,0,6,0,4,0,26,0,0,0,0,0,5,0,27,0,0,0,0,0,0,0,0
1543,1625,0,0,0,0,0,0,0,0,7,0,0,7,0,0,0,0,0,0,0,0,0,0,0,0,0,0,0,0,0,0,0,0
1543,1637,0,0,0,0,0,0,0,0,5,0,8,0,0,0,0,0,0,0,0,0,0,0,0,0,0,0,0,0,0,0,0,0
1543,1770,0,76,3,0,0,0,0,0,0,0,0,0,0,7,15,0,0,0,0,0,0,15,5,0,0,0,0,0,0,0,0,0
1543,2060,0,0,0,0,0,0,0,0,0,7,7,0,0,0,0,0,0,0,0,0,0,6,15,0,0,0,0,0,0,0,0,0
1543,2066,0,0,0,0,0,0,0,0,0,6,0,8,0,18,0,4,0,0,0,0,0,17,0,7,0,0,0,0,0,0,0,0
1543,2069,0,0,0,0,0,0,0,0,0,6,0,8,0,18,0,4,0,0,0,0,0,18,0,7,0,0,0,0,0,0,0,0
1543,2072,0,0,0,0,0,0,0,0,6,0,9,0,18,0,5,0,0,0,0,0,18,0,8,0,0,0,0,0,0,0,0,0
1543,2075,0,0,0,0,0,0,0,0,0,6,0,10,0,20,0,7,0,0,0,0,0,18,0,8,0,0,0,0,0,0,0,0
1543,2230,0,0,0,0,0,0,0,0,48,0,1,0,34,0,1,0,0,0,0,0,0,0,0,0,0,0,0,0,0,0,0,0
1543,2243,39,0,5,0,0,0,0,0,6,0,43,0,19,0,21,0,0,0,0,0,22,0,43,0,0,0,0,0,0,0,0,0
1543,2315,0,1,0,54,0,0,0,0,0,44,0,6,0,27,0,26,0,0,0,0,0,39,0,22,0,0,0,0,0,0,0,0
1543,2402,0,0,0,0,0,0,0,0,0,49,0,6,0,0,0,0,0,0,0,0,0,0,0,0,0,0,0,0,0,0,0,0
1543,2403,0,0,0,0,0,0,0,0,6,0,50,0,0,0,0,0,0,0,0,0,0,0,0,0,0,0,0,0,0,0,0,0
1543,2411,0,0,0,0,0,0,0,0,50,0,0,6,0,0,0,0,0,0,0,0,0,0,0,0,0,0,0,0,0,0,0,0
1543,2412,0,0,0,0,0,0,0,0,0,0,0,0,57,0,4,0,0,0,0,0,0,0,0,0,0,0,0,0,0,0,0,0
1543,2447,9,0,79,0,0,0,0,0,0,0,0,0,33,0,31,0,0,0,0,0,35,0,19,0,0,0,0,0,0,0,0,0
1544,2487,0,0,0,0,0,0,0,0,0,0,0,0,0,0,0,0,0,0,0,0,57,0,5,0,0,0,0,0,0,0,0,0
1544,2505,0,0,0,0,0,0,0,0,0,0,0,0,0,13,0,48,0,0,0,0,0,4,0,57,0,0,0,0,0,0,0,0
1544,2525,0,0,0,0,0,0,0,0,0,0,0,0,0,0,0,0,0,0,0,0,0,58,0,5,0,0,0,0,0,0,0,0
1544,2657,0,0,0,0,0,0,0,0,53,0,9,0,0,0,0,0,0,0,0,0,0,0,0,0,0,0,0,0,0,0,0,0
1544,2660,55,0,3,0,0,0,0,0,10,0,51,0,22,0,24,0,0,0,0,0,23,0,31,0,0,0,0,0,0,0,0,0
1544,2673,0,45,0,3,0,0,0,0,0,7,0,49,0,19,0,24,0,0,0,0,0,19,0,37,0,0,0,0,0,0,0,0
1544,2675,2,0,41,0,0,0,0,0,51,0,1,6,27,0,16,0,0,0,0,0,37,0,19,0,0,0,0,0,0,0,0,0
1544,2708,0,29,0,1,0,0,0,0,0,0,0,0,0,11,0,23,0,0,0,0,0,12,0,34,0,0,0,0,0,0,0,0
1544,2720,0,22,0,2,0,0,0,0,0,0,0,0,0,11,0,23,0,0,0,0,0,10,0,31,0,0,0,0,0,0,0,0
2237,1460,0,67,0,12,0,0,0,0,0,3,0,31,0,25,0,25,0,0,0,0,0,25,0,35,0,0,0,0,0,0,0,0
2237,1601,0,67,0,8,0,0,0,0,0,8,0,30,0,13,0,12,0,0,0,0,0,12,0,30,0,0,0,0,0,0,0,0
2237,1634,0,0,0,0,0,0,0,0,6,0,31,0,11,0,13,0,0,0,0,0,12,0,24,0,0,0,0,0,0,0,0,0
2237,1646,0,0,0,0,0,0,0,0,0,30,0,6,0,15,0,12,0,0,0,0,0,22,0,14,0,0,0,0,0,0,0,0
2237,1742,0,0,0,0,0,0,0,0,3,0,19,0,13,0,12,0,0,0,0,0,15,0,14,0,0,0,0,0,0,0,0,0
2237,1769,0,0,0,0,0,0,0,0,0,15,0,4,0,8,0,11,0,0,0,0,0,11,0,15,0,0,0,0,0,0,0,0
2237,1820,0,0,0,0,0,0,0,0,0,7,0,5,0,0,0,0,0,0,0,0,0,0,0,0,0,0,0,0,0,0,0,0
2237,2043,0,0,0,0,0,0,0,0,0,6,0,8,0,0,0,0,0,0,0,0,0,0,0,0,0,0,0,0,0,0,0,0
2237,2045,0,0,0,0,0,0,0,0,0,8,7,0,0,0,0,0,0,0,0,0,0,0,0,0,0,0,0,0,0,0,0,0
2237,2070,0,0,0,0,0,0,0,0,15,0,7,0,0,0,0,0,0,0,0,0,0,0,0,0,0,0,0,0,0,0,0,0
2237,2162,0,6,0,83,0,0,0,0,0,41,0,4,0,14,0,21,0,8,0,2,0,16,0,25,0,0,0,0,0,0,0,0
2237,2177,0,0,0,0,0,0,0,0,0,7,0,43,0,21,0,19,0,4,0,8,0,26,0,17,0,0,0,0,0,0,0,0
2237,2237,87,5,0,0,0,0,0,0,7,41,0,0,22,17,0,0,2,10,0,0,20,21,0,0,0,0,0,0,0,0,0,0
2237,2238,87,5,0,0,0,0,0,0,7,41,0,0,22,18,0,0,2,10,0,0,20,21,0,0,0,0,0,0,0,0,0,0
2237,2259,0,0,0,0,0,0,0,0,42,0,6,0,16,0,20,0,10,0,1,0,26,0,20,0,0,0,0,0,0,0,0,0
2237,2273,0,0,0,0,0,0,0,0,0,41,0,6,0,17,0,23,0,11,0,1,0,30,0,23,0,0,0,0,0,0,0,0
2237,2289,0,0,0,0,0,0,0,0,0,0,0,0,0,0,0,0,0,0,0,0,0,63,0,4,0,0,0,0,0,0,0,0
2237,2333,0,0,0,0,0,0,0,0,0,0,0,0,54,0,0,4,0,0,0,0,58,0,0,10,0,0,0,0,0,0,0,0
2237,2336,0,0,0,0,0,0,0,0,0,0,0,0,4,55,0,0,0,0,0,0,10,60,0,0,0,0,0,0,0,0,0,0
2237,2390,84,0,12,0,0,0,0,0,2,0,45,0,21,0,38,0,3,0,10,0,23,0,54,0,0,0,0,0,0,0,0,0
2237,2393,0,84,0,12,0,0,0,0,0,2,0,46,0,21,0,37,0,3,0,10,0,25,0,53,0,0,0,0,0,0,0,0
2237,2435,0,12,81,0,0,0,0,0,0,59,4,0,2,42,29,0,0,0,0,0,6,41,30,0,0,0,0,0,0,0,0,0
2237,2462,12,0,0,86,0,0,0,0,60,0,1,3,46,0,0,24,7,0,0,3,43,0,0,36,0,0,0,0,0,0,0,0
2237,2474,0,0,0,0,0,0,0,0,0,0,0,0,0,0,0,0,0,0,0,0,64,0,9,0,0,0,0,0,0,0,0,0
2237,2477,0,8,0,87,0,0,0,0,0,60,0,3,0,40,0,25,0,7,0,3,0,30,0,43,0,0,0,0,0,0,0,0
2237,2489,0,0,0,0,0,0,0,0,0,0,0,0,0,0,0,0,0,0,0,0,0,63,0,7,0,0,0,0,0,0,0,0
2237,2525,0,0,0,0,0,0,0,0,0,0,0,0,0,61,0,7,0,0,0,0,0,68,0,11,0,0,0,0,0,0,0,0
2237,2531,0,0,0,0,0,0,0,0,0,0,0,0,0,64,0,7,0,0,0,0,0,71,0,10,0,0,0,0,0,0,0,0
2237,2633,0,0,0,0,0,0,0,0,0,3,0,45,0,28,0,32,0,0,0,0,0,26,0,32,0,0,0,0,0,0,0,0
2237,2714,0,0,0,0,0,0,0,0,48,0,6,0,40,0,20,0,0,0,0,0,25,0,28,0,0,0,0,0,0,0,0,0
2237,2717,0,0,0,0,0,0,0,0,0,48,0,7,0,41,0,20,0,0,0,0,0,25,0,27,0,0,0,0,0,0,0,0
2237,2726,0,0,0,0,0,0,0,0,7,0,0,50,21,1,0,38,0,0,0,0,27,0,0,29,0,0,0,0,0,0,0,0
2237,2774,0,0,0,0,0,0,0,0,44,0,0,6,27,0,0,19,9,0,0,1,26,0,1,25,0,0,0,0,0,0,0,0
2237,2794,6,67,0,0,0,0,0,0,47,6,1,0,27,22,0,0,10,1,0,0,27,24,0,0,0,0,0,0,0,0,0,0
2237,2942,0,84,0,6,0,0,0,0,0,6,0,56,0,27,0,23,0,3,0,9,0,19,0,28,0,0,0,0,0,0,0,0
2237,3005,0,0,0,0,0,0,0,0,0,44,0,7,0,19,0,27,0,0,0,0,0,24,0,18,0,0,0,0,0,0,0,0
2237,3008,0,0,0,0,0,0,0,0,0,0,44,7,0,0,17,25,0,0,0,0,0,0,23,17,0,0,0,0,0,0,0,0
2237,3154,0,0,0,0,0,0,0,0,36,0,4,0,0,0,0,0,0,0,0,0,0,0,0,0,0,0,0,0,0,0,0,0
2237,3164,0,0,0,0,0,0,0,0,0,30,0,5,0,11,0,23,0,7,0,4,0,18,0,17,0,0,0,0,0,0,0,0
2237,3200,0,0,0,0,0,0,0,0,30,0,8,0,0,0,0,0,12,0,5,0,17,0,22,0,0,0,0,0,0,0,0,0
2237,3203,0,0,0,0,0,0,0,0,0,32,0,7,0,4,0,26,0,12,0,5,0,17,0,22,0,0,0,0,0,0,0,0
2237,3209,0,0,0,0,0,0,0,0,0,7,0,35,0,26,0,5,0,5,0,12,0,21,0,16,0,0,0,0,0,0,0,0
2237,3212,0,0,0,0,0,0,0,0,0,35,0,6,0,4,0,26,0,12,0,5,0,16,0,21,0,0,0,0,0,0,0,0
2237,3261,0,0,0,0,0,0,0,0,4,0,36,0,22,0,6,0,6,0,12,0,15,0,23,0,0,0,0,0,0,0,0,0
2237,3444,0,7,0,84,0,0,0,0,0,51,0,4,0,24,0,18,0,8,0,4,0,39,0,22,0,0,0,0,0,0,0,0
2237,3491,0,0,0,0,0,0,0,0,0,0,0,0,0,0,0,0,0,0,0,0,0,1,4,74,0,0,0,0,0,0,0,0
2237,3620,0,74,0,1,0,0,0,0,0,7,0,55,0,17,0,22,0,0,0,0,0,17,0,35,0,0,0,0,0,0,0,0
2237,3635,78,1,0,1,0,0,0,0,5,0,0,48,17,0,0,21,0,0,0,0,15,0,0,34,0,0,0,0,0,0,0,0
2237,3638,75,0,4,0,0,0,0,0,5,0,45,0,17,0,21,0,0,0,0,0,16,0,35,0,0,0,0,0,0,0,0,0
2237,3644,74,0,1,0,0,0,0,0,5,0,46,0,18,0,24,0,0,0,0,0,17,0,36,0,0,0,0,0,0,0,0,0
2237,3704,3,0,0,70,0,0,0,0,49,0,0,8,13,0,0,18,0,0,0,0,31,0,0,24,0,0,0,0,0,0,0,0
2237,3872,0,0,0,0,0,0,0,0,0,0,0,0,1,29,0,4,0,0,0,0,0,0,0,0,0,0,0,0,0,0,0,0
2237,3889,105,0,8,0,0,0,0,0,8,0,47,0,21,0,20,0,0,0,0,0,35,0,37,0,0,0,0,0,0,0,0,0
2237,3938,0,90,0,9,0,0,0,0,0,8,0,57,0,13,0,28,0,4,0,8,0,25,0,29,0,0,0,0,0,0,0,0
2237,4061,0,8,0,77,0,0,0,0,0,55,0,9,0,31,0,20,0,0,0,0,0,22,0,22,0,0,0,0,0,0,0,0
2237,4094,0,62,0,4,0,0,0,0,0,5,0,48,0,17,0,33,0,0,0,0,0,22,0,28,0,0,0,0,0,0,0,0
2237,4113,60,0,5,0,0,0,0,0,5,0,49,0,15,0,31,0,0,0,0,0,23,0,30,0,0,0,0,0,0,0,0,0
2237,4148,0,5,0,61,0,0,0,0,0,43,0,5,0,28,0,17,0,0,0,0,0,26,0,27,0,0,0,0,0,0,0,0
2237,4157,4,0,62,0,0,0,0,0,45,0,5,0,29,0,17,0,0,0,0,0,22,0,28,0,0,0,0,0,0,0,0,0
